83
144
484
511
118
248
490
381
276
378
389
337
161
411
266
86
243
200
113
109
15
170
99
483
296
459
340
255
287
93
151
60
32
331
371
326
365
50
358
55
66
257
106
147
42
65
280
42
149
456
116
221
72
205
351
87
225
23
159
259
93
261
379
187
82
235
321
346
357
245
46
173
48
223
243
214
398
319
501
189
425
72
380
424
200
318
177
23
313
290
255
370
74
21
159
62
123
195
225
307
330
221
284
367
328
351
49
62
29
419
64
161
92
72
340
350
97
223
493
444
67
248
191
461
91
347
318
503
225
412
509
277
131
327
294
132
98
228
76
510
62
333
14
199
423
145
312
121
210
346
433
332
41
61
245
398
241
482
502
171
103
175
334
349
312
51
392
376
123
134
491
216
172
0
444
1
84
6
310
373
314
494
254
271
236
365
296
349
488
12
143
445
153
163
154
481
434
385
275
209