511
510
509
503
502
501
494
493
491
490
488
484
483
482
481
461
459
456
445
444
444
434
433
425
424
423
419
412
411
398
398
392
389
385
381
380
379
378
376
373
371
370
367
365
365
358
357
351
351
350
349
349
347
346
346
340
340
337
334
333
332
331
330
328
327
326
321
319
318
318
314
313
312
312
310
307
296
296
294
290
287
284
280
277
276
275
271
266
261
259
257
255
255
254
248
248
245
245
243
243
241
236
235
228
225
225
225
223
223
221
221
216
214
210
209
205
200
200
199
195
191
189
187
177
175
173
172
171
170
163
161
161
159
159
154
153
151
149
147
145
144
143
134
132
131
123
123
121
118
116
113
109
106
103
99
98
97
93
93
92
91
87
86
84
83
82
76
74
72
72
72
67
66
65
64
62
62
62
61
60
55
51
50
49
48
46
42
42
41
32
29
23
23
21
15
14
12
6
1
0